#JOSM PicLayer plugin calibration data
#Tue May 19 05:36:54 GMT+01:00 2026
INITIAL_SCALE=22.436279559328376
M00=-0.18060566108679402
M01=-0.06362138748159765
M02=-76.2709197531351
M10=0.06362138748159765
M11=-0.18060566108679402
M12=-84.47336423167961
POSITION_X=-861994.7748588535
POSITION_Y=5054565.179136489
