#JOSM PicLayer plugin calibration data
#Mon May 18 22:59:40 GMT+01:00 2026
INITIAL_SCALE=11.218150001943464
M00=-0.28358790930393935
M01=-0.09919777790664394
M02=11.335829076639865
M10=0.09919777790664394
M11=-0.28358790930393935
M12=7.423651287740167
POSITION_X=-862017.2430157281
POSITION_Y=5054594.589328159
