#JOSM PicLayer plugin calibration data
#Tue May 19 05:36:50 GMT+01:00 2026
INITIAL_SCALE=5.609071839017066
M00=-0.5185292198180333
M01=-0.18280289466747146
M02=558.2366703309024
M10=0.18280289466747146
M11=-0.5185292198180333
M12=148.26948589060905
POSITION_X=-862057.4395619149
POSITION_Y=5054604.703723565
